============================================================
data_atual: 24/02/2024
data_atual_mes_subsequente: 23/03/2024
{'selic': 4390, 'tr': 226, 'ipca': 433, 'ipca15': 7478, 'inpc': 188, 'selic_copom': 432}
A solicitação 7478 excedeu o tempo limite.
{'ipca15': 7478}
A solicitação 7478 excedeu o tempo limite.
{'ipca15': 7478}
Indexadores do mês:
selic:  01/01/2024 valor: 0.97
tr:  01/02/2024 valor: 0.0875
ipca:  01/01/2024 valor: 0.42
inpc:  01/01/2024 valor: 0.57
selic_copom:  01/01/2024 valor: 11.75
ipca15:  01/01/2024 valor: 0.31
============================================ Receita Federal
Texto completo do <th>: Última Selic disponível (01/2024)
Conteúdo do <td> associado: 0,97
============================================================
============================================================
data_atual: 25/02/2024
data_atual_mes_subsequente: 24/03/2024
{'selic': 4390, 'tr': 226, 'ipca': 433, 'ipca15': 7478, 'inpc': 188, 'selic_copom': 432}
A solicitação 4390 excedeu o tempo limite.
A solicitação 226 excedeu o tempo limite.
A solicitação 433 excedeu o tempo limite.
A solicitação 7478 excedeu o tempo limite.
A solicitação 188 excedeu o tempo limite.
{'selic': 4390, 'tr': 226, 'ipca': 433, 'ipca15': 7478, 'inpc': 188}
A solicitação 433 excedeu o tempo limite.
{'ipca': 433}
Indexadores do mês:
selic_copom:  01/01/2024 valor: 11.75
selic:  01/01/2024 valor: 0.97
tr:  01/02/2024 valor: 0.0875
ipca15:  01/01/2024 valor: 0.31
inpc:  01/01/2024 valor: 0.57
ipca:  01/01/2024 valor: 0.42
============================================ Receita Federal
Texto completo do <th>: Última Selic disponível (01/2024)
Conteúdo do <td> associado: 0,97
============================================================
============================================================
data_atual: 26/02/2024
data_atual_mes_subsequente: 25/03/2024
{'selic': 4390, 'tr': 226, 'ipca': 433, 'ipca15': 7478, 'inpc': 188, 'selic_copom': 432}
A solicitação 4390 excedeu o tempo limite.
A solicitação 226 excedeu o tempo limite.
A solicitação 7478 excedeu o tempo limite.
A solicitação 432 excedeu o tempo limite.
{'selic': 4390, 'tr': 226, 'ipca15': 7478, 'selic_copom': 432}
A solicitação 226 excedeu o tempo limite.
{'tr': 226}
Indexadores do mês:
ipca:  01/01/2024 valor: 0.42
inpc:  01/01/2024 valor: 0.57
selic:  01/01/2024 valor: 0.97
ipca15:  01/01/2024 valor: 0.31
selic_copom:  01/01/2024 valor: 11.75
tr:  01/02/2024 valor: 0.0875
============================================ Receita Federal
Texto completo do <th>: Última Selic disponível (01/2024)
Conteúdo do <td> associado: 0,97
============================================================
============================================================
data_atual: 27/02/2024
data_atual_mes_subsequente: 26/03/2024
{'selic': 4390, 'tr': 226, 'ipca': 433, 'ipca15': 7478, 'inpc': 188, 'selic_copom': 432}
A solicitação 4390 excedeu o tempo limite.
A solicitação 226 excedeu o tempo limite.
A solicitação 7478 excedeu o tempo limite.
A solicitação 188 excedeu o tempo limite.
{'selic': 4390, 'tr': 226, 'ipca15': 7478, 'inpc': 188}
A solicitação 226 excedeu o tempo limite.
{'tr': 226}
Indexadores do mês:
ipca:  01/01/2024 valor: 0.42
selic_copom:  01/01/2024 valor: 11.75
selic:  01/01/2024 valor: 0.97
ipca15:  01/01/2024 valor: 0.31
inpc:  01/01/2024 valor: 0.57
tr:  01/02/2024 valor: 0.0875
============================================ Receita Federal
Texto completo do <th>: Última Selic disponível (01/2024)
Conteúdo do <td> associado: 0,97
============================================================
============================================================
data_atual: 28/02/2024
data_atual_mes_subsequente: 27/03/2024
{'selic': 4390, 'tr': 226, 'ipca': 433, 'ipca15': 7478, 'inpc': 188, 'selic_copom': 432}
A solicitação 7478 excedeu o tempo limite.
A solicitação 188 excedeu o tempo limite.
{'ipca15': 7478, 'inpc': 188}
A solicitação 7478 excedeu o tempo limite.
A solicitação 188 excedeu o tempo limite.
{'ipca15': 7478, 'inpc': 188}
Indexadores do mês:
selic:  01/01/2024 valor: 0.97
tr:  01/02/2024 valor: 0.0875
ipca:  01/01/2024 valor: 0.42
selic_copom:  01/01/2024 valor: 11.75
ipca15:  01/01/2024 valor: 0.31
inpc:  01/01/2024 valor: 0.57
============================================ Receita Federal
Texto completo do <th>: Última Selic disponível (01/2024)
Conteúdo do <td> associado: 0,97
============================================================
data_atual: 29/02/2024
data_atual_mes_subsequente: 28/03/2024
============================================================
{'IPCA': '433', 'IPCA-15': '7478', 'SELIC-COPOM': '432', 'SELIC': '4390', 'TR': '226', 'INPC': '188', 'IGP-M': '189'}
A solicitação 7478 excedeu o tempo limite.
A solicitação 4390 excedeu o tempo limite.
A solicitação 189 excedeu o tempo limite.
{'IPCA-15': '7478', 'SELIC': '4390', 'IGP-M': '189'}
A solicitação 7478 excedeu o tempo limite.
A solicitação 4390 excedeu o tempo limite.
A solicitação 189 excedeu o tempo limite.
{'IPCA-15': '7478', 'SELIC': '4390', 'IGP-M': '189'}
A solicitação 7478 excedeu o tempo limite.
{'IPCA-15': '7478'}
Indexadores do mês:
IPCA:  01/01/2024 valor: 0.42
SELIC-COPOM:  01/01/2024 valor: 11.75
TR:  01/02/2024 valor: 0.0875
INPC:  01/01/2024 valor: 0.57
SELIC:  01/01/2024 valor: 0.97
IGP-M:  01/01/2024 valor: 0.07
IPCA-15:  01/01/2024 valor: 0.31
